0.000000	72.654850	88.043614	187.983315	167.749234
0.100100	39.007815	106.493056	224.064822	85.706553
0.200200	66.908805	101.503287	147.102884	187.117427
0.300300	53.446490	105.669437	179.862790	196.029608
0.400400	43.662248	91.311192	195.980839	206.746526
0.500501	31.608841	108.024800	144.940511	176.175422
0.600601	68.506591	111.459800	159.486068	220.265735
0.700701	61.526180	84.055346	182.186622	247.774828
0.800801	47.925358	110.614481	229.415488	220.970200
0.900901	27.232301	109.916463	215.077917	238.840972
1.001001	61.356853	125.167107	215.482410	219.472778
1.101101	66.414312	113.672963	166.846066	208.406921
1.201201	59.665633	123.077975	184.440810	182.272448
1.301301	53.175317	91.995993	193.287741	208.575992
1.401401	47.314487	146.559981	164.964465	239.834987
1.501502	109.502000	121.216723	210.031787	207.383847
1.601602	71.132297	129.211303	199.546711	211.299988
1.701702	47.899599	139.721264	171.080502	225.586744
1.801802	64.529921	127.853073	198.511859	217.724465
1.901902	73.462792	136.850932	231.373102	250.389510
2.002002	67.646184	99.892031	191.812384	194.948822
2.102102	83.305574	133.418173	238.011175	227.285375
2.202202	63.458872	130.596605	191.926327	192.330401
2.302302	78.336599	130.228088	208.409636	248.443110
2.402402	87.708994	108.076756	175.411678	213.017381
2.502503	65.212849	135.092681	206.169368	246.171325
2.602603	53.524037	150.728900	242.176316	199.751847
2.702703	94.695345	132.473940	185.601963	185.650551
2.802803	35.810232	115.497087	214.259432	219.895861
2.902903	33.806674	148.786734	187.698645	202.905047
3.003003	104.738384	169.002893	198.678899	225.403984
3.103103	57.517923	98.794521	197.584421	244.792228
3.203203	96.873950	98.787425	232.403329	242.222058
3.303303	50.939099	140.316261	185.178098	244.688762
3.403403	98.415231	137.464391	202.246670	285.243329
3.503504	93.569712	127.008875	238.823743	233.415385
3.603604	45.690951	124.393177	151.634998	222.591695
3.703704	73.783798	139.885924	178.680870	205.590838
3.803804	81.142259	92.310996	220.229572	269.071481
3.903904	81.456880	151.385373	196.761714	215.471261
4.004004	87.238842	127.313851	229.968878	238.574690
4.104104	108.183176	104.569576	218.422315	230.412173
4.204204	101.902275	81.539053	169.982405	232.123203
4.304304	88.847561	95.276490	226.671337	208.076789
4.404404	121.407431	101.959694	92.208281	256.526853
4.504505	142.509251	124.843598	156.216631	245.843060
4.604605	107.058537	129.062019	185.753572	207.728544
4.704705	109.538551	174.557882	150.253852	250.507587
4.804805	111.884220	99.122662	209.608555	241.197055
4.904905	78.164273	95.981121	189.213554	273.718036
5.005005	109.889082	100.218495	248.929326	236.393821
5.105105	48.794330	100.967407	155.589050	287.747933
5.205205	54.062410	94.991624	233.722643	280.443672
5.305305	84.267690	115.632838	200.267638	239.219952
5.405405	98.082089	109.824839	239.175083	285.502907
5.505506	106.165920	61.385226	160.308578	190.636614
5.605606	135.818264	119.288451	245.515936	235.246829
5.705706	66.089600	86.672233	158.565059	244.306971
5.805806	119.687047	94.167067	233.107649	224.299477
5.905906	85.274651	74.253152	158.815892	256.609277
6.006006	91.255040	73.743888	162.815545	248.122791
6.106106	94.849347	67.652753	192.068273	232.582627
6.206206	97.882990	93.113989	174.838342	228.597300
6.306306	116.611326	93.425906	165.576553	237.876792
6.406406	67.222282	71.949581	183.955720	230.165949
6.506507	81.201050	94.391948	160.450979	238.866041
6.606607	95.253251	155.906162	194.929393	182.621925
6.706707	134.366519	56.136098	159.625948	202.517436
6.806807	75.757780	62.460217	189.383141	224.393524
6.906907	28.390037	88.992356	186.425828	177.699853
7.007007	78.640276	75.864818	202.797539	206.396570
7.107107	79.949798	67.919314	183.633886	217.019789
7.207207	61.100763	53.182494	201.410260	245.031374
7.307307	78.346698	75.940567	211.798743	199.891941
7.407407	75.359734	40.915820	175.137443	229.237951
7.507508	78.534567	66.519163	177.995427	243.982165
7.607608	42.102410	84.316220	213.037081	184.036704
7.707708	97.732317	84.660171	170.749308	199.213461
7.807808	109.322398	62.623935	188.433285	138.410565
7.907908	98.094440	69.072790	178.160290	168.974485
8.008008	76.161431	70.413489	155.417224	227.671420
8.108108	95.011395	86.681617	135.332205	184.347908
8.208208	133.650699	82.151634	210.386614	158.194912
8.308308	77.884276	96.463413	140.519185	160.611430
8.408408	82.271479	79.280901	148.471848	173.628375
8.508509	79.274809	78.469631	171.511250	191.029074
8.608609	62.957485	51.649161	132.579607	191.525774
8.708709	90.483347	102.437112	183.333164	157.561751
8.808809	56.242027	85.337360	116.933233	170.897489
8.908909	92.167056	86.723868	122.018969	174.985528
9.009009	85.545703	87.761118	138.485744	170.668288
9.109109	61.224784	79.227929	153.688150	138.300732
9.209209	67.873652	97.631427	60.646503	140.550404
9.309309	68.112858	86.094631	121.331975	183.221008
9.409409	64.927420	94.149114	146.507888	110.184347
9.509510	58.488994	86.775902	170.463477	197.425203
9.609610	52.630445	73.213550	197.709708	235.905638
9.709710	83.712078	78.650555	141.431688	117.048100
9.809810	37.232701	84.206469	175.398706	157.159135
9.909910	105.555293	103.681218	198.599641	181.141223
10.010010	72.596731	138.496293	191.677368	166.043831
10.110110	87.710342	72.040211	100.722475	144.714208
10.210210	50.686317	100.475957	123.717644	174.535769
10.310310	46.169018	110.736017	126.980430	162.909750
10.410410	32.472446	83.952133	147.552777	196.838742
10.510511	43.938774	119.027387	152.383058	180.125989
10.610611	53.407446	83.977585	117.856456	180.032210
10.710711	20.081728	119.134727	122.127482	133.343633
10.810811	55.264564	94.305089	118.279385	144.885484
10.910911	52.547700	98.503889	129.220796	111.375591
11.011011	78.146147	127.122237	84.581335	134.315458
11.111111	21.001572	129.827060	134.433407	156.012722
11.211211	39.765745	132.997720	129.102718	133.020562
11.311311	-22.617511	103.887410	132.477912	120.951541
11.411411	17.518174	124.597619	169.477212	202.150495
11.511512	45.065342	96.539812	103.494734	162.141708
11.611612	15.217031	125.516069	126.919683	120.046932
11.711712	18.246953	116.980268	95.122438	173.287236
11.811812	26.872637	146.024128	148.862693	134.675261
11.911912	29.991311	130.510434	129.013513	123.967173
12.012012	60.784790	149.392905	132.632568	136.580487
12.112112	20.820762	128.022101	113.811581	179.148299
12.212212	14.735422	126.773434	116.469930	202.854270
12.312312	-15.744180	108.132698	120.788458	173.441305
12.412412	60.457812	174.061610	142.434633	231.139747
12.512513	30.965111	120.877186	98.813934	126.253244
12.612613	20.799313	145.760032	99.552786	155.478365
12.712713	9.717599	138.485538	109.315559	115.475180
12.812813	30.218799	190.913398	99.679479	202.410685
12.912913	7.358366	157.755649	81.667287	116.331627
13.013013	6.700145	97.149236	151.281921	151.375720
13.113113	69.399959	151.897266	123.465459	201.191125
13.213213	-8.155024	132.428829	77.247556	157.442099
13.313313	66.303328	136.692677	88.650343	179.257864
13.413413	33.136224	129.464190	119.871734	181.993998
13.513514	32.733949	134.472061	102.678528	166.688634
13.613614	-72.265837	122.939444	114.382886	157.670948
13.713714	-20.421660	114.386339	106.864537	133.779569
13.813814	16.982761	142.727816	8.203996	162.180709
13.913914	2.722855	108.478253	148.649508	175.735477
14.014014	41.630423	143.038567	135.114390	188.816536
14.114114	20.597187	141.889629	57.844221	184.395311
14.214214	-0.109862	137.598126	65.565379	184.202490
14.314314	10.598520	86.913771	63.926220	154.596384
14.414414	20.405336	93.350892	67.254015	184.918624
14.514515	-18.031441	93.974104	86.223395	234.355177
14.614615	-34.792562	97.586608	115.582934	211.477575
14.714715	-1.471290	112.564130	67.430477	185.630594
14.814815	-26.245541	106.439266	76.258887	195.820388
14.914915	2.032247	119.901212	107.059139	137.654915
15.015015	9.554582	96.653259	121.148522	183.771841
15.115115	-4.557467	96.797551	112.874105	169.177610
15.215215	9.794339	82.443073	93.258928	220.500106
15.315315	11.617963	113.652034	122.864212	179.125177
15.415415	3.667511	57.475254	84.639019	191.215849
15.515516	15.376371	91.155797	80.618885	163.657214
15.615616	-0.577406	96.189171	104.005608	231.137425
15.715716	-17.826652	61.893008	94.115788	204.117491
15.815816	26.365828	124.414061	51.427896	223.547332
15.915916	-24.134904	78.180405	52.370557	236.594651
16.016016	34.952561	75.705674	78.097883	205.895844
16.116116	15.026329	75.065234	59.203749	214.192157
16.216216	10.913149	79.502782	75.410827	206.776796
16.316316	36.771142	60.592201	132.173462	252.892493
16.416416	17.616013	62.377530	121.191115	282.472733
16.516517	-15.453137	50.058827	104.837370	223.271185
16.616617	21.498519	83.132368	114.183553	206.653621
16.716717	37.168705	83.238179	85.837765	203.919720
16.816817	0.599314	78.031870	102.908487	211.982372
16.916917	21.290039	87.755821	79.207769	222.330661
17.017017	0.854876	64.452565	116.644171	313.252011
17.117117	34.599826	55.951813	87.734897	241.797625
17.217217	-0.725066	71.651025	110.533990	223.138312
17.317317	65.920057	48.691029	95.657370	253.706565
17.417417	33.503752	81.523795	86.314839	203.227795
17.517518	18.373962	54.084925	72.137195	284.274773
17.617618	11.668121	59.673615	106.609303	233.201113
17.717718	65.295212	61.703599	99.546088	228.836519
17.817818	-27.155334	84.197615	95.926290	258.747265
17.917918	17.990377	60.604772	114.651866	268.706368
18.018018	-28.061849	95.079912	142.504462	201.461148
18.118118	60.523861	89.171348	62.089280	244.588508
18.218218	28.877601	68.016370	82.361726	223.742621
18.318318	0.124689	84.498963	136.378047	270.411790
18.418418	62.975419	86.649180	93.274544	251.299533
18.518519	9.708787	67.573630	105.133490	244.185300
18.618619	20.505522	51.707488	140.687200	290.450806
18.718719	23.710710	51.031081	157.063988	215.774496
18.818819	66.216495	65.539143	138.009467	271.422432
18.918919	30.900356	77.093102	147.644395	233.149395
19.019019	42.339165	70.884970	126.779591	221.749798
19.119119	-5.501181	66.184331	144.213465	261.692383
19.219219	31.486016	61.379733	105.027615	302.853597
19.319319	29.910534	55.306300	168.746458	246.037009
19.419419	62.211061	93.444926	106.457503	253.521829
19.519520	6.639156	96.257012	131.603206	257.762792
19.619620	82.365841	91.676311	111.650945	231.020120
19.719720	23.741137	114.190037	144.680545	255.371984
19.819820	15.063439	127.499677	116.502499	247.874285
19.919920	51.990867	105.860891	154.310390	264.703782
20.020020	77.736362	115.284881	129.396237	237.280924
20.120120	59.359433	81.319760	91.714479	260.000010
20.220220	68.516452	110.599797	163.955913	223.115061
20.320320	40.111550	142.339264	101.580988	219.418809
20.420420	57.198563	115.899692	167.071412	234.949376
20.520521	69.314982	130.718320	167.336700	212.203595
20.620621	38.670284	99.519881	197.899126	248.191612
20.720721	53.606168	108.758631	160.206331	222.737492
20.820821	64.215780	139.441035	131.719038	210.254656
20.920921	73.668071	110.027396	77.890724	218.270449
21.021021	41.998892	124.813619	95.405345	229.086537
21.121121	62.736980	118.778533	117.620957	217.907296
21.221221	70.271273	43.535684	137.504706	230.254658
21.321321	40.947232	124.144157	137.304803	203.803896
21.421421	90.965717	146.304424	138.254111	182.272840
21.521522	43.738554	113.759442	137.311154	200.450413
21.621622	47.625148	121.957236	87.518047	232.793341
21.721722	34.981931	127.074701	157.624531	178.527560
21.821822	106.268135	109.860901	140.003707	185.484236
21.921922	50.267961	125.912813	125.617193	201.678399
22.022022	115.108432	200.464781	151.665004	183.718407
22.122122	53.224903	134.141865	110.492977	173.065177
22.222222	36.834884	138.501097	178.361835	225.536738
22.322322	43.762893	144.859811	208.472221	145.280787
22.422422	71.402818	126.486475	91.959498	205.271113
22.522523	77.367619	114.187747	204.272017	193.720747
22.622623	98.545287	125.530556	157.487611	164.716013
22.722723	92.508978	160.291481	177.956854	217.920011
22.822823	73.796352	139.339336	187.013343	180.685331
22.922923	72.618302	133.610837	120.760723	166.176093
23.023023	73.988635	134.316746	142.981643	189.397380
23.123123	95.912698	137.533960	190.954109	180.991615
23.223223	67.812259	120.394026	148.347595	226.841230
23.323323	82.567511	110.037672	204.588370	187.607706
23.423423	91.146759	130.817522	186.404684	189.655361
23.523524	54.752561	121.602334	231.307882	198.993189
23.623624	84.898199	131.058637	189.688191	168.851275
23.723724	90.234321	176.545965	184.129681	187.580319
23.823824	69.837301	121.308498	159.447970	141.335631
23.923924	81.769392	133.973263	228.795042	186.701349
24.024024	88.594652	91.039013	156.166776	218.430030
24.124124	65.983971	147.342113	164.777958	145.160917
24.224224	90.520759	127.283782	135.830678	140.078598
24.324324	94.908113	122.101005	221.143630	156.501518
24.424424	62.535371	99.719483	209.439547	213.357228
24.524525	93.000705	180.769428	175.969616	175.229755
24.624625	60.151520	100.289231	207.794761	109.463994
24.724725	80.674868	82.604552	211.083120	221.145708
24.824825	70.132064	96.373640	240.700097	208.884442
24.924925	60.324083	98.040043	196.750668	165.841996
25.025025	77.720736	105.189488	132.210033	171.626639
25.125125	123.806960	103.667910	171.423698	235.118570
25.225225	122.421519	100.885098	173.223138	177.462052
25.325325	79.464338	97.189332	207.003310	190.519963
25.425425	90.120192	98.837338	164.425526	130.637327
25.525526	62.124493	102.813498	205.398300	181.487254
25.625626	61.960893	86.216608	160.464104	188.290290
25.725726	97.284624	86.635274	159.810444	118.667428
25.825826	89.159712	110.582595	157.923862	165.592612
25.925926	102.468201	109.856168	226.107701	194.930281
26.026026	94.762977	81.736075	197.221262	140.557849
26.126126	79.373145	64.252786	213.553237	183.778317
26.226226	44.473726	84.802764	158.962913	203.810062
26.326326	92.963936	76.131314	181.801678	166.124583
26.426426	95.656296	72.977229	187.504176	129.165540
26.526527	90.696879	68.108921	242.830539	190.868747
26.626627	90.654175	74.447291	144.110441	172.316754
26.726727	89.445400	112.627645	203.523817	141.761276
26.826827	88.465079	66.775399	206.612344	194.974193
26.926927	131.533436	110.232620	191.078696	178.185644
27.027027	95.346199	75.022069	211.303817	183.793799
27.127127	59.472700	82.427814	192.864122	178.389592
27.227227	60.671830	84.321803	184.327043	170.352678
27.327327	84.843029	64.663987	139.866365	191.155073
27.427427	100.295057	56.226610	169.110165	131.941266
27.527528	59.176096	76.184174	163.420860	199.421667
27.627628	71.219147	60.848171	204.271130	218.427662
27.727728	83.541100	65.020216	198.729619	162.332362
27.827828	102.151381	75.420183	194.151215	227.947058
27.927928	91.509548	60.561375	230.197352	213.868070
28.028028	142.609241	97.407540	235.244311	179.565030
28.128128	12.353206	75.348591	208.655184	209.657121
28.228228	105.679692	91.106684	208.624519	164.277302
28.328328	83.161970	65.272824	228.126464	185.696877
28.428428	57.922720	92.231928	213.777110	210.696679
28.528529	102.362149	73.952788	181.823873	198.983322
28.628629	30.919629	73.416792	220.045813	187.544077
28.728729	74.553296	78.472280	167.038235	187.842448
28.828829	75.083609	90.889900	227.481453	189.207954
28.928929	38.023659	69.520176	190.199805	203.687748
29.029029	-6.686274	70.958624	197.557430	179.336402
29.129129	30.711216	76.447456	221.330717	160.620292
29.229229	39.180387	101.621713	237.646215	149.684265
29.329329	88.350103	87.980866	231.264577	226.269187
29.429429	35.162417	97.875240	181.909903	236.129738
29.529530	64.434450	109.633826	229.999918	216.827873
29.629630	29.679664	95.221248	166.778952	202.094410
29.729730	70.196546	94.673032	144.394661	188.252868
29.829830	24.937607	77.046930	188.529247	152.527023
29.929930	25.986936	117.763924	171.109129	189.718819
30.030030	26.540775	103.202567	187.966389	212.861158
30.130130	87.245611	116.099918	220.115899	208.048269
30.230230	84.823020	108.713647	213.204112	233.382156
30.330330	52.407225	131.774202	240.883135	160.251649
30.430430	7.912424	113.315741	195.632216	176.779570
30.530531	66.721752	119.276148	268.973767	213.689344
30.630631	56.898393	74.772966	167.015795	238.982609
30.730731	73.075391	186.109863	225.757508	223.026797
30.830831	-19.959212	130.705057	186.753388	188.728773
30.930931	-28.550204	130.800046	162.530175	207.935305
31.031031	20.055321	77.630643	178.470550	196.230449
31.131131	36.417496	101.288892	174.052764	202.585047
31.231231	19.867225	160.360251	169.540396	201.268300
31.331331	23.056587	145.997664	154.551677	196.754462
31.431431	-7.885219	193.962903	158.953896	219.977695
31.531532	32.924599	111.539371	181.604650	180.040800
31.631632	13.613512	127.448604	185.627624	206.688281
31.731732	69.007650	144.572668	202.737713	205.218651
31.831832	62.547438	141.208370	164.642605	241.244669
31.931932	68.566170	148.265814	174.406469	232.257674
32.032032	0.722518	137.722748	140.053621	219.321758
32.132132	28.542895	125.798445	152.875246	195.388242
32.232232	27.335965	115.044423	203.406887	180.432903
32.332332	34.202071	139.904844	166.537344	220.101896
32.432432	39.449371	157.775651	138.506598	156.599362
32.532533	23.205497	141.903113	172.526077	183.872357
32.632633	57.855966	120.374312	206.622652	201.710098
32.732733	42.619542	123.101924	173.707031	201.285713
32.832833	56.068589	118.268870	202.540145	164.333187
32.932933	32.026018	146.387010	178.288521	234.712554
33.033033	42.426905	137.658997	123.651538	214.781081
33.133133	16.836129	127.800633	116.706014	280.719421
33.233233	-8.484248	154.438634	108.097102	236.537625
33.333333	-18.972430	116.796199	155.680557	164.760129
33.433433	5.624481	124.386727	127.127598	242.097979
33.533534	31.688596	139.316579	146.196615	163.095606
33.633634	38.094365	113.448620	139.657532	192.638802
33.733734	18.114273	103.348899	126.441334	202.249852
33.833834	-2.415589	142.502640	84.084227	200.118482
33.933934	-19.551780	133.477985	160.908174	246.678022
34.034034	-11.585847	109.972019	119.189994	209.601533
34.134134	20.317275	92.264129	165.501322	211.890151
34.234234	-11.914887	122.360626	174.953692	208.933919
34.334334	-1.511636	107.714825	148.936886	210.779894
34.434434	25.996068	115.394025	172.039839	207.994603
34.534535	25.754864	83.864436	157.509236	188.304560
34.634635	-35.048507	106.074742	148.300170	272.627196
34.734735	22.543223	101.158855	153.311318	160.770323
34.834835	-21.637822	88.735498	149.791062	210.584753
34.934935	14.344626	102.359277	162.881519	172.956444
35.035035	-5.445118	88.298320	130.053694	268.711328
35.135135	35.318937	106.419010	143.616298	208.565884
35.235235	11.346824	105.629398	146.226570	201.656641
35.335335	-2.249085	97.404094	163.059507	233.579588
35.435435	-4.392832	83.499570	115.712663	208.038992
35.535536	15.019110	76.636437	155.678611	209.294002
35.635636	-13.470531	79.635687	128.355330	222.880764
35.735736	-24.064814	93.175659	162.069497	194.812704
35.835836	-7.733426	104.807339	155.446299	187.956957
35.935936	-22.509907	115.148943	141.107736	228.801211
36.036036	16.269166	55.112093	124.143858	217.038739
36.136136	-14.764658	50.111820	107.503539	215.127251
36.236236	22.097876	103.453968	119.195258	239.782527
36.336336	-12.439072	72.629550	121.755696	248.106334
36.436436	33.462923	78.406958	155.962794	206.837124
36.536537	3.491627	85.479251	151.475427	221.083935
36.636637	25.079844	89.603854	175.398158	213.583334
36.736737	18.645619	45.166545	76.711202	202.249346
36.836837	16.656643	103.214667	101.570381	188.981391
36.936937	-17.031982	90.282605	112.352256	218.080762
37.037037	7.981243	76.317956	115.295648	194.520929
37.137137	56.744169	75.052208	121.130135	192.702227
37.237237	-3.695056	64.356237	142.776684	123.188638
37.337337	30.766691	69.072059	112.505486	168.807897
37.437437	16.449789	91.836828	135.140874	204.388532
37.537538	46.319243	70.256554	111.596432	133.839626
37.637638	-4.504229	85.337527	156.042753	237.417103
37.737738	39.106744	63.733564	73.263880	209.096871
37.837838	-24.855298	94.345727	43.628741	215.963766
37.937938	-9.668355	64.884659	107.392407	240.422923
38.038038	2.351679	61.214850	97.449844	214.319452
38.138138	43.069831	124.333842	119.580816	205.697459
38.238238	29.551105	68.050932	120.401758	171.800664
38.338338	-4.429068	76.301613	152.902371	187.225808
38.438438	-3.842316	85.847550	125.749812	242.936757
38.538539	12.041215	116.978176	119.566074	255.017941
38.638639	0.984180	105.517484	107.368349	212.681826
38.738739	43.066133	78.471707	111.178713	212.002827
38.838839	21.182138	91.844070	121.187448	219.925413
38.938939	30.318044	92.917407	84.480539	220.482013
39.039039	104.548978	112.736656	103.547931	195.224914
39.139139	33.122249	83.988643	87.412642	208.017467
39.239239	40.870272	94.652864	115.750111	190.157649
39.339339	74.659436	72.430958	112.463887	195.967586
39.439439	60.189870	113.383916	52.334821	203.906279
39.539540	17.375048	76.858579	85.689736	162.945316
39.639640	120.039964	80.870831	109.654979	219.874377
39.739740	35.946103	73.502280	74.963527	214.153399
39.839840	11.388716	114.589001	88.149871	199.912367
39.939940	80.189474	98.318410	67.535493	181.036034
40.040040	77.216974	82.255754	96.172914	190.733649
40.140140	13.474425	98.003296	69.099941	189.854240
40.240240	36.860063	85.777374	96.498462	187.837430
40.340340	89.525315	117.325935	143.948673	184.474508
40.440440	59.739901	117.232244	122.973037	168.464928
40.540541	27.508129	97.529781	94.697216	232.542583
40.640641	52.365997	87.754359	40.023377	244.712652
40.740741	115.047299	120.556793	130.536163	202.169510
40.840841	61.081068	102.516254	114.091833	207.796082
40.940941	68.501764	79.673959	99.424415	204.832932
41.041041	82.396642	99.738196	64.665386	273.287297
41.141141	-4.288751	123.197123	134.490046	154.225986
41.241241	72.705374	138.949586	30.979853	211.486724
41.341341	77.959424	132.958437	106.937141	206.645787
41.441441	45.106820	71.600801	92.108279	251.433074
41.541542	62.519371	121.590723	95.823835	208.789873
41.641642	67.836343	109.550126	81.172939	218.963400
41.741742	74.702303	87.878942	85.875739	204.942524
41.841842	42.089317	103.763379	110.218953	202.469053
41.941942	83.525199	123.705569	126.824580	149.577542
42.042042	109.623454	117.901362	123.412661	188.778006
42.142142	49.709307	135.256139	166.185796	253.743211
42.242242	103.868457	120.842803	100.922865	156.437937
42.342342	107.574344	139.224906	125.790241	224.620900
42.442442	36.773786	123.783451	99.914045	222.298659
42.542543	67.326717	118.629321	176.832251	165.709595
42.642643	106.974260	101.327410	152.069218	198.209976
42.742743	100.713842	136.974373	108.428694	214.015758
42.842843	56.853901	139.124548	113.122461	191.424763
42.942943	107.752470	125.980578	56.835275	236.646846
43.043043	74.045661	137.202077	124.168670	193.991262
43.143143	76.888493	137.599125	125.135613	172.694509
43.243243	85.378309	137.421234	122.871643	175.431821
43.343343	65.315980	136.095401	88.480990	200.684703
43.443443	85.017500	161.887471	118.526089	190.093505
43.543544	111.005763	135.448545	151.117250	190.632990
43.643644	74.355116	121.720401	171.094129	205.702353
43.743744	54.325777	121.856629	112.003205	253.874910
43.843844	62.764621	132.267993	82.882696	171.678546
43.943944	84.870929	137.277337	107.563888	195.346738
44.044044	96.341741	67.205087	113.607917	197.715425
44.144144	52.931353	117.613912	94.388352	177.067009
44.244244	101.954400	101.134975	149.702364	184.867070
44.344344	81.195696	133.495525	127.795153	180.763391
44.444444	84.627579	54.534707	138.647356	191.374972
44.544545	91.098271	127.100976	123.104793	157.542350
44.644645	83.955573	118.137528	88.122442	210.326502
44.744745	81.174461	104.508332	127.300643	222.868268
44.844845	80.022297	119.672628	122.571211	202.980655
44.944945	79.768764	128.854518	129.014142	175.124537
45.045045	99.406585	63.039514	117.990798	237.778468
45.145145	118.801141	93.157429	131.043180	186.601710
45.245245	99.541551	83.366310	106.612730	254.129162
45.345345	102.166403	110.113092	115.503338	192.975427
45.445445	123.684504	88.971502	143.786910	144.373230
45.545546	102.418402	165.129873	137.122398	224.574607
45.645646	73.711650	71.884733	152.234607	256.300221
45.745746	74.370930	96.052417	170.940501	180.373219
45.845846	104.211995	86.500072	144.289329	174.881828
45.945946	86.310294	102.082876	120.424803	212.209869
46.046046	73.817254	60.848665	155.562368	202.266042
46.146146	99.769909	71.989781	133.428434	209.857651
46.246246	48.253473	53.932017	95.977075	189.015811
46.346346	94.578382	82.024589	187.355077	210.789534
46.446446	98.132225	46.779475	160.871391	204.092696
46.546547	103.897563	82.523570	86.806096	251.681276
46.646647	73.441472	75.901354	133.233764	159.956454
46.746747	75.934556	82.201313	251.732776	211.700471
46.846847	61.054496	83.238313	134.278255	239.836973
46.946947	46.831196	28.724167	160.065587	215.895879
47.047047	77.390354	67.198247	148.035391	207.635072
47.147147	82.516507	102.011571	141.724858	186.807170
47.247247	50.737422	90.609923	187.191965	161.761017
47.347347	101.561212	90.925931	127.606993	193.424199
47.447447	47.122560	75.353079	194.199254	269.552172
47.547548	50.452638	69.145716	134.400900	233.458822
47.647648	105.092171	69.277542	202.972529	265.044621
47.747748	82.190328	43.310636	165.038043	235.808590
47.847848	72.764080	57.477547	138.133253	246.448652
47.947948	48.365957	56.076481	123.938057	212.884039
48.048048	93.476811	75.974665	167.019814	182.244903
48.148148	93.237875	89.803279	144.915048	229.997260
48.248248	68.940738	105.306588	108.152049	221.148154
48.348348	39.033391	51.650226	135.483378	265.831812
48.448448	69.384813	81.809069	159.589675	232.647780
48.548549	71.407498	60.487323	164.180237	205.798405
48.648649	48.329882	47.846737	154.923691	191.174624
48.748749	76.564954	98.709435	129.259600	282.487698
48.848849	78.234955	72.252128	159.041542	214.073241
48.948949	51.515367	74.359724	204.825425	214.664239
49.049049	49.615398	62.265593	222.644037	244.059559
49.149149	52.813420	107.691263	237.683730	248.818570
49.249249	82.490497	81.963493	144.444877	191.388437
49.349349	21.186322	72.395020	200.818675	223.735695
49.449449	74.104666	83.417057	152.369661	262.435763
49.549550	76.490193	88.094930	150.102976	237.884020
49.649650	67.591799	70.533636	204.892754	274.697220
49.749750	71.192749	90.463907	193.508094	244.502862
49.849850	56.176007	102.112342	165.563257	229.404013
49.949950	78.849990	105.915798	188.822532	185.113637
50.050050	42.869812	86.280278	185.162824	249.118021
50.150150	70.802454	90.717200	185.264931	237.429601
50.250250	66.368186	118.273435	197.336752	201.814119
50.350350	35.318438	125.200896	154.808518	247.033990
50.450450	47.203305	109.006002	155.138659	202.153402
50.550551	65.931259	103.066560	205.701745	195.538153
50.650651	31.446761	105.783380	148.821468	227.467138
50.750751	66.382527	97.072965	218.392785	248.846636
50.850851	2.733477	72.932736	157.514291	274.478142
50.950951	42.344225	108.923577	212.184849	198.205368
51.051051	13.307452	116.238116	191.129772	247.770392
51.151151	51.937015	142.392716	175.332102	217.151478
51.251251	48.447276	109.657924	206.501689	240.304245
51.351351	-10.853035	105.462145	155.403915	206.234858
51.451451	30.679321	150.521354	226.441170	235.624972
51.551552	4.428274	109.336061	219.980434	234.448802
51.651652	29.215158	146.409024	215.532617	237.072036
51.751752	12.264336	66.024002	215.416911	212.427316
51.851852	34.538252	128.171012	177.855030	203.296317
51.951952	-16.032934	116.420459	221.091491	204.286338
52.052052	11.647721	126.112358	161.825342	168.579576
52.152152	45.417409	118.159517	200.676330	201.000980
52.252252	24.496921	139.295132	245.519094	188.467204
52.352352	7.110410	158.008445	257.424400	234.749237
52.452452	12.500155	111.546754	202.765065	183.836052
52.552553	17.289944	150.046548	196.364527	242.700484
52.652653	4.452296	111.543816	220.939151	197.259937
52.752753	-8.620565	152.889453	187.018810	197.992837
52.852853	23.214092	121.060721	209.429167	140.843992
52.952953	-10.659757	161.633947	232.527919	213.989799
53.053053	-4.043544	111.090663	191.970275	178.997134
53.153153	17.072689	118.374905	230.687623	182.792029
53.253253	31.817729	137.420704	239.542599	176.434548
53.353353	1.802302	131.602026	203.777890	195.953862
53.453453	37.340870	142.898004	212.910008	186.211232
53.553554	1.695942	122.953696	205.642725	194.291865
53.653654	8.281092	116.588019	219.109231	169.135899
53.753754	24.890416	126.333356	242.133939	224.009590
53.853854	3.956889	88.932951	191.379112	173.492031
53.953954	1.458766	137.655075	181.041088	152.326837
54.054054	6.494461	126.465728	184.901958	157.352092
54.154154	41.907723	111.896484	231.966356	153.468473
54.254254	8.410327	110.945440	175.149315	177.412365
54.354354	14.620576	105.891156	261.313762	187.461701
54.454454	9.020900	88.191540	206.846580	177.914875
54.554555	-10.342670	78.817406	181.995617	142.555171
54.654655	6.694798	116.063552	160.584733	151.125599
54.754755	13.376118	89.893120	180.989529	161.643925
54.854855	15.839796	103.935863	162.851577	177.236465
54.954955	-1.306099	74.250550	217.561632	138.679851
55.055055	3.800148	128.596842	201.951337	167.382703
55.155155	13.693968	107.295134	178.921251	136.610070
55.255255	-2.950490	110.881091	208.419973	137.941206
55.355355	35.343866	107.149673	205.523539	157.142167
55.455455	18.295997	62.135569	194.257629	118.810414
55.555556	38.126762	56.613531	236.353299	181.716254
55.655656	12.450348	90.724713	196.142121	164.695571
55.755756	7.920422	87.774190	198.729465	109.641404
55.855856	-8.012939	78.030316	159.848511	142.764662
55.955956	-23.724565	77.758310	168.921028	168.439641
56.056056	45.037826	100.967666	188.299129	140.967046
56.156156	37.224442	85.722206	116.738304	127.634434
56.256256	23.175622	65.773325	189.937864	176.479834
56.356356	-17.165878	68.787632	205.854585	117.044319
56.456456	4.473987	86.021901	195.832959	209.227053
56.556557	35.998796	63.759490	211.208827	146.507248
56.656657	49.224640	48.649909	176.120255	141.231749
56.756757	3.007242	81.131408	179.507688	143.037224
56.856857	23.350443	53.627569	170.668770	138.268245
56.956957	36.711407	85.270922	160.655071	122.041733
57.057057	32.047184	94.860998	155.866709	153.488637
57.157157	18.193597	76.231558	176.753700	188.015295
57.257257	17.369830	63.492376	185.593445	149.439803
57.357357	-10.101119	87.777029	214.298928	147.392517
57.457457	19.982577	97.945007	211.371180	158.970106
57.557558	-0.598735	82.706961	144.852321	165.272853
57.657658	19.456328	65.524133	188.244558	140.834208
57.757758	12.061921	105.826947	156.207248	142.254498
57.857858	37.397665	97.529820	176.591970	128.150578
57.957958	14.227526	84.402957	182.200408	119.179996
58.058058	67.466318	43.707915	219.314797	138.125873
58.158158	25.240675	79.154208	165.670558	126.931284
58.258258	19.073710	144.554252	171.770516	185.217193
58.358358	16.520864	70.865607	169.403033	127.277395
58.458458	28.867984	47.635747	141.549556	240.674764
58.558559	49.763376	85.654076	196.953734	181.298771
58.658659	-2.607096	80.647559	87.264425	115.827749
58.758759	55.785884	112.764604	117.416125	209.466148
58.858859	56.004426	83.733415	182.330466	167.968377
58.958959	47.665743	95.926321	178.700804	233.155051
59.059059	27.904260	83.600020	129.452598	154.923170
59.159159	27.878521	85.069248	111.606740	206.540424
59.259259	32.232420	109.246310	155.438414	175.645448
59.359359	79.947624	106.067086	144.272278	163.771427
59.459459	48.877731	114.562208	205.364572	203.356908
59.559560	49.548954	76.888458	141.466308	213.278751
59.659660	55.800856	21.660723	171.527465	180.592774
59.759760	68.285936	119.087008	132.358557	201.440413
59.859860	69.885338	106.293451	171.993351	193.969482
59.959960	8.879634	83.692753	136.823509	198.519053
60.060060	42.396036	98.567992	166.023651	197.193181
60.160160	55.738432	91.560794	115.352905	170.287378
60.260260	9.254516	90.902909	119.866987	221.605255
60.360360	78.309714	96.783833	113.411069	210.575809
60.460460	73.036975	121.230294	182.918547	176.969550
60.560561	53.638124	78.405473	119.946670	224.043342
60.660661	42.398713	99.878586	187.204495	232.537081
60.760761	47.289723	138.962305	121.024901	222.343238
60.860861	97.264476	127.170353	124.289936	205.930059
60.960961	97.021809	125.350948	161.103588	228.770011
61.061061	4.543759	134.086265	92.796297	260.005552
61.161161	108.461006	93.715919	115.389991	226.030288
61.261261	92.954374	123.374833	151.334334	221.534765
61.361361	78.784968	138.199097	74.266589	232.269677
61.461461	97.374319	124.660138	147.314525	192.674844
61.561562	59.234771	120.333871	131.231881	188.580302
61.661662	56.942633	132.481549	110.104522	233.047909
61.761762	53.625328	132.970231	159.446100	201.913122
61.861862	88.412292	139.824330	113.696095	239.619715
61.961962	69.285298	104.251037	153.325425	224.676499
62.062062	54.719631	148.732030	109.007039	297.725642
62.162162	98.094844	143.417687	153.932540	201.294811
62.262262	101.626370	126.306346	118.542453	218.101720
62.362362	100.778276	108.567215	76.850414	281.440996
62.462462	92.879973	174.817709	147.148681	237.103972
62.562563	39.782136	133.774744	158.107347	266.514847
62.662663	160.019140	144.750516	82.117838	283.245227
62.762763	101.640481	133.898448	98.205950	256.505656
62.862863	65.055211	135.013715	120.229790	245.986266
62.962963	80.718666	157.086366	125.578160	269.092176
63.063063	64.728527	105.889075	111.694837	222.502747
63.163163	84.993101	136.182105	129.294440	272.740259
63.263263	68.564507	99.761690	113.123605	277.566987
63.363363	80.556889	112.291756	99.856381	303.352622
63.463463	119.544169	99.496148	71.423758	298.027956
63.563564	95.563568	120.681761	129.193422	255.095164
63.663664	194.032389	119.223310	105.081844	213.131996
63.763764	95.311902	115.956262	120.959360	246.045060
63.863864	26.492121	114.100843	150.275438	239.517386
63.963964	129.280197	86.524674	143.651040	273.984280
64.064064	96.243721	109.649346	124.579815	281.641583
64.164164	36.369734	118.361235	141.541326	215.407236
64.264264	118.107199	117.950654	114.438380	233.536743
64.364364	85.935046	113.866579	138.341377	256.161002
64.464464	108.214491	109.337607	110.347717	242.579658
64.564565	51.890876	105.551792	45.727619	288.086712
64.664665	62.053527	110.007800	82.721708	279.615822
64.764765	91.476620	86.173071	86.097194	243.546768
64.864865	135.150382	109.885116	98.812770	315.282665
64.964965	115.735233	115.179266	116.371200	216.093800
65.065065	87.349189	92.304130	90.640052	247.672835
65.165165	58.071425	86.911684	113.482904	217.984393
65.265265	142.600103	99.316027	116.568660	240.527546
65.365365	105.642235	127.469719	104.881034	244.985026
65.465465	90.932025	90.273585	135.517131	242.222843
65.565566	103.193635	99.406794	42.568364	261.004673
65.665666	111.772648	89.797770	114.096491	224.895257
65.765766	86.420420	98.755092	106.173396	246.104510
65.865866	130.411228	70.386624	84.871189	240.914716
65.965966	140.897243	101.476316	118.432916	240.652440
66.066066	7.386991	83.452290	115.904564	231.687675
66.166166	86.368437	64.689431	91.794597	251.811894
66.266266	79.890366	90.241120	119.589225	304.747988
66.366366	56.220474	86.481870	70.317810	229.720038
66.466466	94.028089	97.715240	36.476458	193.482125
66.566567	67.122466	78.450779	124.465601	202.236321
66.666667	111.666754	82.006400	122.287469	250.779252
66.766767	90.416295	67.405832	77.893277	214.649354
66.866867	97.330733	71.764840	111.342204	230.313602
66.966967	77.930038	66.811965	114.244726	223.213833
67.067067	89.352441	37.302584	112.043626	196.357143
67.167167	68.253605	52.292332	81.522071	209.956362
67.267267	60.111174	91.933769	115.919439	208.574712
67.367367	88.251082	38.012405	108.589265	188.443585
67.467467	58.660088	110.429018	121.657893	189.435570
67.567568	90.148607	61.150672	129.332756	187.919486
67.667668	75.626609	79.312894	96.961370	208.501169
67.767768	35.156491	78.961652	122.191773	226.910621
67.867868	139.820510	102.361257	61.921990	179.820486
67.967968	87.205903	76.648726	137.471721	204.351303
68.068068	98.433033	60.337885	94.634497	157.206510
68.168168	65.219446	85.591348	121.090751	188.576560
68.268268	131.441222	65.544422	112.208453	182.909502
68.368368	90.168124	75.268237	75.732782	186.217105
68.468468	62.380810	81.451827	93.458317	225.642234
68.568569	78.951461	110.825375	125.351788	171.112114
68.668669	62.984713	44.938574	170.618222	156.849669
68.768769	37.686510	74.001698	100.423640	162.934906
68.868869	48.187202	87.576666	117.246590	169.937604
68.968969	69.688094	69.093936	111.661347	241.387192
69.069069	66.039219	92.911416	130.621333	130.376200
69.169169	81.746375	114.290812	80.285216	174.203812
69.269269	58.830879	87.571584	142.745731	176.136886
69.369369	61.278336	79.994977	136.357084	110.795229
69.469469	67.472385	81.717662	105.669949	137.423550
69.569570	19.008184	74.164773	129.363659	163.366030
69.669670	6.139251	94.080966	163.644325	130.695770
69.769770	51.174763	58.928631	137.597293	183.891074
69.869870	82.160838	83.210593	172.894619	136.066374
69.969970	58.597063	99.066414	142.680640	130.884324
70.070070	53.403041	92.634728	68.222446	205.171770
70.170170	65.584584	119.922000	124.454890	179.353367
70.270270	46.101862	83.446616	116.044984	184.275854
70.370370	40.561444	120.308235	152.323255	105.922490
70.470470	54.235741	103.101088	105.814902	181.607455
70.570571	41.540160	98.222813	171.506228	191.690127
70.670671	55.130275	114.144134	96.104929	173.626292
70.770771	30.080545	164.290008	149.782245	154.741252
70.870871	34.839745	107.453845	125.079212	175.529566
70.970971	40.596703	118.265897	71.090168	104.949329
71.071071	32.514590	117.812634	127.782122	163.259571
71.171171	-1.308661	130.351848	172.699220	155.331308
71.271271	31.370120	104.344682	122.651252	129.360812
71.371371	44.839156	134.902254	164.385877	170.973499
71.471471	15.416483	130.173187	123.666443	183.888275
71.571572	40.495101	107.559029	177.499386	150.840803
71.671672	34.374733	130.551171	169.505992	92.122067
71.771772	42.408383	124.534141	150.184107	161.984133
71.871872	21.223119	97.454094	98.429913	175.654511
71.971972	35.437701	140.247505	131.474083	157.740456
72.072072	8.247959	145.062683	122.470508	132.702726
72.172172	4.815584	124.357912	132.467624	201.601353
72.272272	5.083354	138.230101	171.885540	161.751051
72.372372	13.886310	108.979419	127.039126	149.513642
72.472472	19.345880	135.974635	155.037186	192.956666
72.572573	6.118421	120.862776	135.797990	149.781578
72.672673	-43.944248	136.027780	175.913570	188.932539
72.772773	32.512567	104.293858	124.874250	231.574204
72.872873	26.519961	137.529996	144.628394	164.858199
72.972973	40.703598	156.966464	148.200142	175.515382
73.073073	2.121005	147.276820	161.002445	171.152350
73.173173	-11.029735	134.546510	210.103031	182.923158
73.273273	-24.613387	151.392087	148.568358	208.580796
73.373373	24.480194	145.641074	213.468193	180.324880
73.473473	31.176043	110.932092	187.779893	184.047198
73.573574	44.406487	116.951560	158.214164	191.239743
73.673674	36.489187	120.505491	243.620299	166.360369
73.773774	56.214450	78.443005	189.728732	165.164992
73.873874	20.104603	110.761550	171.421671	208.063981
73.973974	5.335440	142.162820	135.298258	208.976259
74.074074	-56.084992	119.035427	156.839124	180.195150
74.174174	-16.135916	38.294295	160.411071	148.795708
74.274274	48.404496	74.308050	162.215033	223.746083
74.374374	-17.551098	109.857865	174.649515	190.892722
74.474474	39.238148	100.082051	181.095439	165.597270
74.574575	10.369152	101.322076	270.217794	191.438691
74.674675	-28.286818	143.163061	245.868355	186.320712
74.774775	63.350454	100.762689	176.048861	202.694730
74.874875	24.548888	128.923880	187.748448	227.472223
74.974975	38.794141	86.672411	195.706992	238.508316
75.075075	38.500279	62.670818	160.247027	199.435138
75.175175	-13.675734	118.460375	172.422643	167.273953
75.275275	4.444061	102.695398	158.249758	163.631497
75.375375	7.097138	127.585323	180.076305	203.904187
75.475475	2.058615	75.306348	186.112102	248.938932
75.575576	18.003680	106.623067	176.865734	183.930854
75.675676	43.825909	121.964472	193.041738	200.897275
75.775776	9.109037	123.169453	148.768896	206.237027
75.875876	0.448120	94.751945	193.546789	171.489734
75.975976	11.792126	76.628856	161.996615	283.014358
76.076076	-4.714876	81.744163	226.273864	194.524231
76.176176	-63.687752	61.773699	185.985098	245.209364
76.276276	32.666690	76.411021	219.745403	200.778558
76.376376	48.787304	90.010587	149.283576	250.521821
76.476476	-13.873767	95.155739	261.403914	200.634148
76.576577	20.920434	88.591754	200.433531	189.011966
76.676677	-4.196152	91.969776	110.744459	209.413141
76.776777	-23.644011	91.989968	206.430075	257.352729
76.876877	29.995629	53.801752	225.008794	171.017033
76.976977	15.636765	67.788332	152.536525	216.821287
77.077077	14.665764	51.908405	202.270344	226.865454
77.177177	23.183678	36.771330	233.906448	207.503753
77.277277	34.796444	101.861070	213.307417	236.462029
77.377377	28.081154	63.591459	188.069628	275.588641
77.477477	29.020365	49.655586	199.795995	207.540455
77.577578	21.892238	46.184979	189.518381	219.969107
77.677678	21.034259	90.380798	158.448560	229.224256
77.777778	4.654056	88.575589	249.684420	172.256684
77.877878	44.049458	65.118116	232.971312	212.921654
77.977978	46.566883	52.880356	182.656625	187.377405
78.078078	17.025601	71.555082	213.124282	271.699255
78.178178	28.412542	65.389192	142.768568	244.281687
78.278278	-17.484190	52.605923	185.124929	181.846399
78.378378	49.106294	70.164627	199.669562	199.437208
78.478478	67.498655	58.465107	223.752424	226.262329
78.578579	49.732464	64.970636	204.524287	247.396432
78.678679	43.193277	65.688011	188.481564	218.121791
78.778779	43.604250	80.873226	169.318363	217.197818
78.878879	40.082687	70.404309	218.249039	191.621230
78.978979	36.777277	93.560447	182.344368	220.573370
79.079079	10.969592	87.680857	194.247374	148.713339
79.179179	49.393168	110.075017	139.437920	230.934422
79.279279	76.333359	114.620448	257.930199	201.632042
79.379379	2.717108	102.833171	233.467447	223.991153
79.479479	17.214610	125.345159	178.360644	212.803591
79.579580	45.444513	71.997435	237.188490	116.703901
79.679680	42.901112	60.320250	164.818786	212.761293
79.779780	6.697370	78.420869	192.161540	194.532809
79.879880	36.723619	119.441678	171.500976	210.847451
79.979980	14.362442	99.703414	195.058296	172.190274
80.080080	35.474706	116.520429	218.059715	284.131688
80.180180	44.878311	92.610067	178.877724	245.875153
80.280280	37.299625	99.676844	135.134357	235.184897
80.380380	61.374185	134.388803	182.322768	201.473371
80.480480	53.288862	113.936818	201.484685	227.606982
80.580581	66.784436	95.990193	177.862830	202.626374
80.680681	51.116711	121.947150	119.214546	214.836079
80.780781	82.065308	115.519945	165.948657	164.609015
80.880881	56.758413	118.522081	181.437872	203.483093
80.980981	40.344463	116.782540	185.581273	210.912085
81.081081	89.819841	138.010760	173.940634	164.433372
81.181181	6.193055	131.334447	197.105922	207.757696
81.281281	106.688881	130.461058	181.201486	172.579427
81.381381	66.714151	107.828509	234.135929	195.047854
81.481481	33.242772	112.830199	194.986230	229.603214
81.581582	66.973469	124.690445	186.752331	194.793301
81.681682	111.169766	137.718368	184.216133	207.466965
81.781782	79.507865	124.966498	156.138829	191.145787
81.881882	85.859255	148.922228	200.738367	203.101366
81.981982	11.371394	131.605291	206.768637	246.766836
82.082082	51.638666	134.565559	154.941250	186.178828
82.182182	103.743289	100.753440	168.588022	202.129153
82.282282	51.987633	116.999478	193.856957	225.717475
82.382382	50.367477	152.335007	177.980286	209.789319
82.482482	101.065845	96.877360	151.791585	188.504357
82.582583	107.540642	97.569264	134.297230	213.738330
82.682683	90.041985	118.147733	217.663052	192.075815
82.782783	83.388046	140.442912	185.689664	206.452749
82.882883	87.064306	137.569816	128.086708	172.267630
82.982983	38.247584	121.320591	180.220500	150.261734
83.083083	103.413900	124.513741	165.589277	244.731504
83.183183	138.572749	125.931987	139.840349	263.078222
83.283283	111.992298	144.349877	186.902143	148.028266
83.383383	121.668364	96.439563	169.920436	205.466571
83.483483	45.425022	98.386335	166.995432	219.028875
83.583584	76.757779	120.802279	141.581932	132.985269
83.683684	106.129535	101.020502	206.731013	227.357317
83.783784	138.545649	114.141728	170.411551	191.983451
83.883884	61.885785	121.444025	174.752638	182.002769
83.983984	50.543328	108.328345	167.469547	202.780530
84.084084	94.586058	109.891806	113.798875	190.068622
84.184184	106.979447	117.583722	102.943594	232.055467
84.284284	87.704807	98.710131	130.414156	187.097581
84.384384	99.464502	118.621657	213.454246	206.694019
84.484484	69.392902	108.718400	181.357732	196.817988
84.584585	50.813475	105.940392	162.144682	178.428260
84.684685	111.275855	117.468470	145.904842	217.020896
84.784785	128.511500	94.552622	157.318465	128.130860
84.884885	87.531339	116.962381	139.544840	197.611246
84.984985	116.009855	126.226306	178.576134	210.417089
85.085085	81.668093	106.182161	192.417000	191.122871
85.185185	78.847516	78.509043	98.081038	190.555670
85.285285	97.499551	101.704647	129.471466	231.243301
85.385385	111.260031	95.193445	113.137743	209.932479
85.485485	108.818897	78.287750	163.578752	197.023732
85.585586	81.838716	115.614423	156.866860	249.164914
85.685686	144.517484	86.617412	118.127730	146.253230
85.785786	111.288571	81.264345	111.325937	233.142253
85.885886	76.796030	80.831831	151.895433	250.785369
85.985986	165.086444	67.650949	145.886249	212.406683
86.086086	77.667717	94.225889	124.464540	219.254009
86.186186	54.864767	78.995682	136.056650	209.488765
86.286286	83.890502	74.774427	118.476207	197.298456
86.386386	84.785260	76.319773	164.199556	145.396780
86.486486	89.692828	86.698125	151.631958	184.610958
86.586587	124.827089	88.640462	111.170156	198.419562
86.686687	95.241655	15.926867	109.973944	178.143503
86.786787	78.397290	57.335273	157.758122	196.387249
86.886887	13.015535	99.930688	94.590723	218.742129
86.986987	75.783828	69.072227	154.488983	167.378779
87.087087	71.107345	81.486010	126.581902	176.266921
87.187187	68.464311	56.739759	156.503242	188.970609
87.287287	100.511914	95.933063	149.657699	217.709695
87.387387	55.804803	60.069871	99.947104	207.509352
87.487487	85.131587	96.513515	114.010127	150.555853
87.587588	110.500692	76.966371	135.062700	194.542298
87.687688	77.080904	75.451732	102.619645	206.671584
87.787788	70.141428	71.693218	111.736553	197.465203
87.887888	89.670365	50.556652	132.595955	196.493412
87.987988	33.792116	67.666301	130.090036	208.727996
88.088088	70.575396	82.830383	142.790164	216.259345
88.188188	37.722176	121.008778	96.243588	204.953324
88.288288	62.300862	46.163794	95.983000	168.441861
88.388388	4.888703	71.305050	87.640947	184.646501
88.488488	65.439502	72.402583	144.381913	175.065325
88.588589	50.517379	98.916639	148.677466	178.479429
88.688689	33.502589	83.182821	87.854909	218.995137
88.788789	70.188510	76.822648	134.181305	227.050255
88.888889	68.844909	70.331637	111.014338	178.267842
88.988989	78.284086	95.960544	100.347651	211.059383
89.089089	60.698077	66.601734	148.126692	186.669013
89.189189	79.605191	51.924147	82.362733	240.733319
89.289289	59.485221	107.302177	140.441709	209.089923
89.389389	52.220931	87.246344	73.740635	158.948701
89.489489	56.800241	97.801745	125.170294	190.975182
89.589590	93.552006	69.375253	123.657059	214.950091
89.689690	61.189126	103.998962	122.304188	167.930845
89.789790	77.052754	99.855710	123.095510	205.320339
89.889890	27.753205	100.497637	92.916655	233.005230
89.989990	2.136976	100.864259	89.144162	203.767316
90.090090	43.100260	120.557324	76.532498	220.551538
90.190190	40.479296	106.168978	58.501223	211.191432
90.290290	74.915055	103.683919	112.907176	199.715279
90.390390	62.609385	117.633946	147.038884	212.049201
90.490490	36.314013	107.954880	111.768332	199.860591
90.590591	33.843538	88.728119	106.510469	201.026060
90.690691	36.364951	118.455387	80.755798	148.325961
90.790791	55.959104	105.886471	65.551300	199.559992
90.890891	-8.145400	110.147680	95.695412	201.302430
90.990991	54.745558	124.214523	115.017850	183.093423
91.091091	20.783738	122.352991	96.575398	152.599007
91.191191	62.724086	125.315792	80.158753	234.264723
91.291291	5.786671	132.243884	66.008985	176.468998
91.391391	51.489782	157.038554	127.216637	194.485166
91.491491	22.238418	118.932809	79.059605	167.926464
91.591592	19.747168	101.588195	97.982431	196.849956
91.691692	57.018359	95.729863	103.690068	202.067250
91.791792	75.883921	130.675598	93.926303	182.123829
91.891892	-3.316862	153.950618	89.230868	189.764690
91.991992	8.504210	144.513892	95.288325	187.342192
92.092092	12.729168	125.167726	105.199899	225.571347
92.192192	19.687150	101.750437	90.592368	237.645541
92.292292	-25.461074	137.844784	85.459650	227.642464
92.392392	5.173812	106.958236	97.562634	235.532993
92.492492	12.488814	128.973180	150.672972	148.681158
92.592593	-8.410567	131.471345	94.700471	199.020618
92.692693	29.998403	107.595303	111.614280	210.541396
92.792793	-4.309025	135.315784	108.716319	185.924945
92.892893	1.440788	112.566526	88.503426	210.884173
92.992993	39.053710	133.696919	73.276231	193.357616
93.093093	11.839864	133.064717	120.394718	206.971228
93.193193	25.945157	140.116806	115.571524	205.723325
93.293293	13.686614	96.590985	122.275544	196.016552
93.393393	33.209586	98.973741	94.536477	195.950964
93.493493	-15.048117	129.796200	140.918459	209.706073
93.593594	-1.707807	159.476411	128.355601	190.100995
93.693694	-39.969089	112.691468	122.878402	222.857037
93.793794	1.830257	94.338806	138.634553	202.816438
93.893894	100.168616	117.817874	181.893513	201.091780
93.993994	55.491218	121.854639	108.714891	204.480280
94.094094	33.347910	107.001100	139.690100	170.183321
94.194194	3.095760	109.683237	107.927438	230.581124
94.294294	6.269907	125.724727	128.721282	212.120753
94.394394	18.061504	129.852813	141.591217	239.928803
94.494494	25.314371	84.621560	85.570427	203.178033
94.594595	21.232286	99.321935	154.264364	209.365278
94.694695	14.454183	103.951772	107.320221	231.503268
94.794795	20.262707	138.084417	113.992970	248.064682
94.894895	-16.937325	105.312764	150.730370	230.744997
94.994995	9.120730	128.821974	107.064363	213.500704
95.095095	21.352044	96.106428	133.278285	220.329304
95.195195	14.422625	110.360689	119.807425	185.058907
95.295295	-24.562859	30.845773	133.553935	209.198499
95.395395	-5.667107	101.564015	96.849398	210.812430
95.495495	35.714087	96.008196	166.010486	222.330288
95.595596	29.044617	120.332650	116.207637	192.083878
95.695696	10.424634	86.262238	88.515220	209.005138
95.795796	26.453802	109.819366	114.250996	140.719918
95.895896	43.752882	91.135628	155.296274	229.499524
95.995996	45.813228	81.936666	153.139644	206.860583
96.096096	25.624748	91.032435	140.431534	224.087014
96.196196	37.739744	84.523492	187.118709	195.999983
96.296296	6.221979	69.355579	118.035747	212.421914
96.396396	24.363225	90.947716	153.751270	222.257534
96.496496	19.848680	91.337168	156.225385	200.691626
96.596597	2.177363	78.120441	176.688461	206.226457
96.696697	65.374234	74.570202	182.503251	217.488544
96.796797	4.366298	61.192907	148.213749	137.234780
96.896897	17.226192	61.106858	171.397195	216.463903
96.996997	-1.108937	91.477272	202.007310	224.194297
97.097097	43.057367	73.737557	174.141813	220.885524
97.197197	-14.719577	61.264447	122.685333	203.668695
97.297297	13.634998	65.118665	165.955410	210.151250
97.397397	97.696763	28.428027	143.119270	225.815486
97.497497	41.763358	88.203349	139.655139	188.312626
97.597598	9.541619	70.796944	112.590368	193.809008
97.697698	48.124087	61.440537	113.653902	191.148025
97.797798	-3.001117	72.473379	182.085466	225.360398
97.897898	37.214705	77.372912	200.455415	175.580172
97.997998	24.809840	56.632318	194.863207	219.849393
98.098098	67.559555	47.987575	154.743907	192.551127
98.198198	37.688069	51.784602	136.290397	227.228531
98.298298	20.906795	55.973740	150.196528	190.558827
98.398398	26.773303	71.805248	182.079402	171.045664
98.498498	90.445543	63.699678	219.909541	160.853122
98.598599	38.352069	57.364362	194.095681	155.151733
98.698699	27.680599	88.678734	145.283489	214.161774
98.798799	59.677720	92.172447	126.571077	173.589906
98.898899	3.571048	79.677021	183.612195	139.591112
98.998999	41.038694	65.335295	146.115469	156.891017
99.099099	58.769075	100.028481	175.992801	180.404087
99.199199	71.315990	91.003279	130.677069	172.598627
99.299299	32.239821	97.779917	195.768958	186.429366
99.399399	83.664455	79.321720	193.274701	211.170123
99.499499	16.319076	64.203790	204.959452	166.887450
99.599600	12.670073	84.733433	141.794647	133.838260
99.699700	60.669642	88.539347	229.152505	205.560172
99.799800	25.821554	132.563834	159.207745	192.843845
99.899900	59.149531	85.924510	171.408837	167.514400
100.000000	50.864217	67.640769	186.031519	178.480647
